Dataset 08 full benchmark
==========================
Frames: 271
Total time: 5.878 s
Average processing: 21.688 ms/frame
Measured processing rate: 46.11 FPS
Frame time range: 17.108-35.322 ms
Total points: 34,069,557
Points/frame: 121,965-127,321, average 125,717.9
Total cells: 13,923,793
Cells/frame: 38,258-61,521, average 51,379.3
Average reduction: 59.13%
Reduction range: 50.87-69.88%
Peak working memory: 1,179.82 MB
Peak private/pagefile memory: 1,651.96 MB
Predictions loaded: 271/271

Per-frame timings
-----------------
frame,time_ms,points,cells,reduction_percent
000,24.621,124231,56795,54.28
001,21.489,124087,56888,54.15
002,20.363,123861,56771,54.17
003,23.331,123679,56627,54.21
004,24.917,123431,56725,54.04
005,21.926,123298,56609,54.09
006,21.098,123229,56187,54.40
007,24.828,122881,56413,54.09
008,24.419,122870,56383,54.11
009,23.874,122909,56407,54.11
010,23.651,122975,55987,54.47
011,25.924,123132,56249,54.32
012,29.287,123005,56576,54.01
013,22.055,122993,56971,53.68
014,24.422,122925,56871,53.74
015,24.457,122915,56952,53.67
016,24.191,122944,57034,53.61
017,22.179,122903,56786,53.80
018,22.192,122812,55979,54.42
019,22.735,122857,55288,55.00
020,25.723,122796,54438,55.67
021,20.463,122812,53455,56.47
022,21.627,122967,52363,57.42
023,22.219,122994,52029,57.70
024,20.820,123190,52130,57.68
025,21.142,123111,52116,57.67
026,21.293,123190,51986,57.80
027,22.085,123439,52043,57.84
028,22.417,123276,51627,58.12
029,19.987,123419,50991,58.68
030,21.564,123647,51484,58.36
031,23.783,123868,52243,57.82
032,24.198,123846,52808,57.36
033,23.758,124176,53937,56.56
034,23.731,124153,54535,56.07
035,24.459,124242,54847,55.85
036,27.563,124382,54617,56.09
037,25.108,124556,54110,56.56
038,22.124,124774,53576,57.06
039,23.601,124942,52534,57.95
040,22.757,124853,51829,58.49
041,21.567,125137,51299,59.01
042,21.102,125226,51436,58.93
043,21.740,125281,51554,58.85
044,23.000,125306,51537,58.87
045,21.369,125328,51012,59.30
046,24.009,125326,51264,59.10
047,21.622,125369,50920,59.38
048,24.197,125490,50388,59.85
049,21.366,125541,49813,60.32
050,23.362,125512,49349,60.68
051,22.433,125489,48540,61.32
052,23.345,125789,48126,61.74
053,20.619,125933,47705,62.12
054,18.861,125922,47786,62.05
055,21.083,125864,47944,61.91
056,23.222,125822,47847,61.97
057,21.812,125934,47909,61.96
058,20.844,125858,47307,62.41
059,19.573,125947,46735,62.89
060,23.709,126000,46307,63.25
061,28.614,125983,46137,63.38
062,20.628,126144,46468,63.16
063,24.071,126165,46373,63.24
064,23.177,126102,46354,63.24
065,23.624,126188,46531,63.13
066,25.565,126200,46439,63.20
067,26.217,126215,46669,63.02
068,24.636,126207,47354,62.48
069,23.709,126194,47568,62.31
070,29.119,126236,47749,62.17
071,21.677,126238,48270,61.76
072,20.001,126285,48963,61.23
073,21.438,126320,49918,60.48
074,21.905,126258,51033,59.58
075,23.224,126262,51701,59.05
076,22.057,126125,52487,58.38
077,20.825,126102,52863,58.08
078,21.370,126128,53186,57.83
079,24.109,126292,53362,57.75
080,23.060,126255,53118,57.93
081,20.918,126280,53023,58.01
082,20.696,126269,52979,58.04
083,20.944,126250,52953,58.06
084,21.632,126399,53398,57.75
085,18.550,126341,53632,57.55
086,22.940,126359,53240,57.87
087,21.535,126393,52752,58.26
088,21.316,126562,52291,58.68
089,21.522,126581,52126,58.82
090,22.133,126656,51986,58.95
091,21.508,126628,51157,59.60
092,23.598,126840,50856,59.91
093,20.532,126793,50481,60.19
094,20.440,126886,50276,60.38
095,20.509,126818,49817,60.72
096,20.868,126818,48676,61.62
097,23.763,126890,48096,62.10
098,20.783,126975,47772,62.38
099,22.749,126986,47454,62.63
100,21.765,126967,47859,62.31
101,21.559,126968,48203,62.04
102,23.206,126910,48394,61.87
103,22.336,126855,48451,61.81
104,24.992,126722,48143,62.01
105,27.802,126498,47503,62.45
106,21.285,126702,47139,62.80
107,20.966,126815,46729,63.15
108,21.864,126936,46036,63.73
109,22.549,127131,45644,64.10
110,23.814,127173,45119,64.52
111,21.695,127258,45149,64.52
112,22.829,127208,44515,65.01
113,21.735,127282,43822,65.57
114,20.096,127321,43263,66.02
115,20.297,127259,43250,66.01
116,20.491,127190,43551,65.76
117,19.547,127052,43760,65.56
118,20.387,127059,44313,65.12
119,19.373,127010,43819,65.50
120,18.439,126800,43914,65.37
121,19.650,126800,43541,65.66
122,21.725,126926,42927,66.18
123,18.254,126892,42166,66.77
124,19.386,126887,41170,67.55
125,17.108,126952,40102,68.41
126,17.329,127004,39276,69.07
127,20.419,127040,38679,69.55
128,18.251,127005,38258,69.88
129,21.720,126728,38378,69.72
130,21.208,126239,38552,69.46
131,17.383,125709,39517,68.56
132,19.180,125127,39907,68.11
133,25.105,125648,40272,67.95
134,18.912,125490,41324,67.07
135,21.084,125331,42167,66.36
136,18.913,125833,42575,66.17
137,19.385,126516,42573,66.35
138,20.763,126704,42339,66.58
139,18.523,126926,42296,66.68
140,18.472,126857,42350,66.62
141,19.573,126831,42743,66.30
142,20.002,126907,42782,66.29
143,21.522,126831,43743,65.51
144,19.670,126832,44555,64.87
145,20.001,126834,44547,64.88
146,20.212,126981,44882,64.65
147,19.836,127132,45057,64.56
148,18.371,127057,45242,64.39
149,17.271,126972,46285,63.55
150,23.238,126941,47249,62.78
151,19.069,126939,47826,62.32
152,19.080,126971,48092,62.12
153,18.126,126984,48254,62.00
154,19.862,126907,49869,60.70
155,19.111,127011,50527,60.22
156,18.225,127134,50327,60.41
157,19.068,127043,50237,60.46
158,18.861,127049,49739,60.85
159,23.939,127108,48494,61.85
160,21.004,127001,48347,61.93
161,18.317,127064,48076,62.16
162,18.364,127058,47919,62.29
163,19.824,127130,48177,62.10
164,19.790,127133,48509,61.84
165,20.392,127093,48798,61.60
166,19.101,127006,48997,61.42
167,21.694,126953,49553,60.97
168,21.703,126849,49773,60.76
169,20.390,126929,50227,60.43
170,20.440,126804,50843,59.90
171,19.340,126828,51235,59.60
172,18.123,126841,50997,59.79
173,19.453,126900,50561,60.16
174,18.983,126934,50393,60.30
175,21.369,126976,50341,60.35
176,17.427,127028,49829,60.77
177,17.786,127100,49302,61.21
178,18.790,127027,49492,61.04
179,19.503,127001,49577,60.96
180,18.848,126992,50729,60.05
181,19.937,126925,51408,59.50
182,18.655,126910,51394,59.50
183,20.218,126900,50828,59.95
184,19.732,126774,49321,61.10
185,18.285,126535,48441,61.72
186,17.293,126523,47580,62.39
187,18.380,126424,47359,62.54
188,19.441,126501,47758,62.25
189,18.697,126616,47901,62.17
190,18.081,126648,48207,61.94
191,20.444,126701,48837,61.45
192,20.208,126582,49468,60.92
193,21.179,126542,49728,60.70
194,19.904,126451,50419,60.13
195,20.150,126343,50776,59.81
196,19.777,126307,51531,59.20
197,20.879,126208,51861,58.91
198,22.889,126115,52348,58.49
199,19.719,126041,53035,57.92
200,18.283,125953,53665,57.39
201,18.869,125860,53920,57.16
202,22.696,125764,54352,56.78
203,20.764,125743,54903,56.34
204,21.974,125543,55190,56.04
205,21.871,125566,55589,55.73
206,30.107,125442,55678,55.61
207,24.186,125429,55750,55.55
208,22.198,125438,56099,55.28
209,24.806,125417,55980,55.36
210,35.322,125126,55590,55.57
211,25.573,125099,55701,55.47
212,24.782,125007,55825,55.34
213,24.008,125018,55529,55.58
214,19.222,125132,55344,55.77
215,19.632,125290,54640,56.39
216,23.601,125415,54231,56.76
217,19.551,125449,53921,57.02
218,21.532,125503,54250,56.77
219,19.036,125561,54830,56.33
220,19.955,125540,55655,55.67
221,20.237,125809,56404,55.17
222,20.904,125898,57081,54.66
223,19.992,125901,57646,54.21
224,24.021,126010,57789,54.14
225,21.537,126123,57815,54.16
226,25.672,126177,57856,54.15
227,20.542,126166,58288,53.80
228,24.611,126081,57902,54.08
229,20.443,125993,58079,53.90
230,21.411,126096,58216,53.83
231,22.303,125889,58089,53.86
232,19.847,125894,58208,53.76
233,23.056,125819,58319,53.65
234,21.794,125541,57993,53.81
235,20.991,125437,58092,53.69
236,21.439,125328,58053,53.68
237,20.068,125301,58532,53.29
238,19.799,125135,58853,52.97
239,22.194,125033,60076,51.95
240,19.898,125271,60390,51.79
241,22.026,125214,60631,51.58
242,20.813,125244,61449,50.94
243,19.015,125317,60984,51.34
244,22.175,125277,61247,51.11
245,20.743,125309,61304,51.08
246,21.575,125262,61502,50.90
247,22.688,125212,61521,50.87
248,21.201,125225,61375,50.99
249,20.956,125357,61218,51.17
250,21.156,125227,60451,51.73
251,21.161,125333,60373,51.83
252,22.759,125216,59814,52.23
253,22.365,125192,59387,52.56
254,21.397,124981,58814,52.94
255,22.141,124899,58633,53.06
256,27.482,124846,58726,52.96
257,24.328,124909,58463,53.20
258,23.105,124795,58460,53.16
259,25.564,124448,57241,54.00
260,22.594,124603,56272,54.84
261,21.069,124446,56657,54.47
262,21.806,124377,56526,54.55
263,20.730,124550,56640,54.52
264,20.368,124708,56923,54.35
265,19.409,124465,56998,54.21
266,20.037,123549,56954,53.90
267,31.249,122372,56776,53.60
268,31.492,122232,56468,53.80
269,29.156,121965,56980,53.28
270,31.131,122676,56931,53.59
